[1,2,3,4]
[2,5,6,3]
[7,8,2,1]
[8,9,5,2]
[10,11,12,13]
[11,14,15,12]
[4,3,11,10]
[3,6,14,11]
[16,17,18,19]
[17,20,21,18]
[13,12,17,16]
[12,15,20,17]
[22,23,8,7]
[23,24,9,8]
[19,18,23,22]
[18,21,24,23]
[25,26,27,28]
[26,1,4,27]
[29,30,26,25]
[30,7,1,26]
[31,32,33,34]
[32,10,13,33]
[28,27,32,31]
[27,4,10,32]
[35,36,37,38]
[36,16,19,37]
[34,33,36,35]
[33,13,16,36]
[39,40,30,29]
[40,22,7,30]
[38,37,40,39]
[37,19,22,40]
[41,42,43,44]
[42,25,28,43]
[45,46,42,41]
[46,29,25,42]
[47,48,49,50]
[48,31,34,49]
[44,43,48,47]
[43,28,31,48]
[51,52,53,54]
[52,35,38,53]
[50,49,52,51]
[49,34,35,52]
[55,56,46,45]
[56,39,29,46]
[54,53,56,55]
[53,38,39,56]
[57,58,59,60]
[58,61,62,59]
[63,64,58,57]
[64,65,61,58]
[66,67,64,63]
[67,68,65,64]
[60,59,67,66]
[59,62,68,67]
[69,70,71,72]
[70,57,60,71]
[34,73,70,69]
[73,63,57,70]
[74,75,73,34]
[75,66,63,73]
[72,71,75,74]
[71,60,66,75]
[76,77,78,79]
[77,80,81,78]
[82,83,77,76]
[83,84,80,77]
[85,86,83,82]
[86,87,84,83]
[79,78,86,85]
[78,81,87,86]
[88,89,90,91]
[89,76,79,90]
[92,93,89,88]
[93,82,76,89]
[94,95,93,92]
[95,85,82,93]
[91,90,95,94]
[90,79,85,95]
[96,97,98,99]
[97,100,98]
[101,102,97,96]
[102,100,97]
[103,104,105,106]
[104,100,105]
[99,98,104,103]
[98,100,104]
[107,108,109,110]
[108,100,109]
[106,105,108,107]
[105,100,108]
[111,112,102,101]
[112,100,102]
[110,109,112,111]
[109,100,112]
[113,114,115,116]
[114,96,99,115]
[117,118,114,113]
[118,101,96,114]
[119,120,121,122]
[120,103,106,121]
[116,115,120,119]
[115,99,103,120]
[123,124,125,126]
[124,107,110,125]
[122,121,124,123]
[121,106,107,124]
[127,128,118,117]
[128,111,101,118]
[126,125,128,127]
[125,110,111,128]
[55,129,130,54]
[129,131,130]
[45,132,129,55]
[132,131,129]
[51,133,134,50]
[133,131,134]
[54,130,133,51]
[130,131,133]
[47,135,136,44]
[135,131,136]
[50,134,135,47]
[134,131,135]
[41,137,132,45]
[137,131,132]
[44,136,137,41]
[136,131,137]