v 55.844048 23.283924 72.714165 
v 25.065416 23.283924 72.714149 
v 25.065418 23.283924 70.610497 
v 55.844048 23.283924 70.610512 
v 41.792038 23.283924 70.610504 
v 39.197220 23.283924 70.610497 
v 39.197224 23.283924 61.781155 
v 41.792042 23.283924 61.781155 
v 78.016335 23.283924 79.779991 
v 78.016335 23.283924 55.056488 
v 80.119987 23.283924 55.056488 
v 80.119987 23.283924 79.779984 
v 74.312592 23.283924 -54.337841 
v 44.093136 23.283924 -54.337837 
v 44.093140 23.283924 -56.441490 
v 74.312592 23.283924 -56.441494 
v -99.762299 23.292648 -99.847504 
v -99.762299 23.292648 99.789108 
v 99.762329 23.292648 -99.847488 
v 99.762299 23.292648 99.789108 
v 99.762329 23.292648 -99.847488 
v -99.792496 23.309303 -99.792618 
v 99.762299 23.309299 99.789108 
v -99.792496 23.292648 99.734207 
v -60.912735 23.283924 11.712156 
v -85.464935 23.283924 11.712156 
v -85.464935 23.283924 9.608503 
v -60.912735 23.283924 9.608503 
v -32.253349 23.283924 26.300669 
v -32.253353 23.283924 4.672190 
v -30.149700 23.283924 4.672187 
v -30.149698 23.283924 26.300671 
v -44.514130 23.283924 55.688286 
v -44.514130 23.283924 37.299370 
v -42.410477 23.283924 37.299374 
v -42.410477 23.283924 55.688290 
v -42.410469 23.283924 44.969379 
v -42.410480 23.283924 42.374561 
v -33.581135 23.283924 42.374557 
v -33.581123 23.283924 44.969376 
v -9.538658 23.283924 70.738525 
v -39.758110 23.283924 70.738533 
v -39.758110 23.283924 68.634880 
v -9.538661 23.283924 68.634872 
v -55.962219 23.283924 82.125336 
v -55.962223 23.283924 63.736412 
v -53.858570 23.283924 63.736416 
v -53.858566 23.283924 82.125336 
v -65.652580 23.283924 64.391098 
v -65.652573 23.283924 33.392879 
v -63.548920 23.283924 33.392879 
v -63.548923 23.283924 64.391106 
v 21.620047 23.283924 51.861099 
v 21.620049 23.283924 20.862867 
v 23.723700 23.283924 20.862869 
v 23.723698 23.283924 51.861099 
v 69.735931 23.283924 40.648003 
v 45.183720 23.283924 40.648003 
v 45.183720 23.283924 38.544350 
v 69.735931 23.283924 38.544350 
v 35.886662 23.283924 -17.816948 
v 35.886662 23.283924 -39.636856 
v 37.990314 23.283924 -39.636856 
v 37.990311 23.283924 -17.816946 
v 37.990311 23.283924 -28.535856 
v 37.990311 23.283924 -31.130674 
v 46.819656 23.283924 -31.130669 
v 46.819656 23.283924 -28.535851 
v 35.886658 23.283924 -31.130676 
v 35.886662 23.283924 -28.535851 
v 28.599070 23.283924 -28.535854 
v 28.599070 23.283924 -31.130672 
v 16.134878 23.283924 -27.293697 
v -14.084573 23.283924 -27.293703 
v -14.084572 23.283924 -29.397356 
v 16.134876 23.283924 -29.397350 
v -21.511911 23.283924 -43.893173 
v -21.511921 23.283924 -74.891396 
v -19.408264 23.283924 -74.891396 
v -19.408262 23.283924 -43.893169 
v 51.904335 23.283924 19.175663 
v 51.904335 23.283924 -11.822560 
v 54.007984 23.283924 -11.822558 
v 54.007984 23.283924 19.175663 
v -63.900299 23.283924 -59.016354 
v -61.796646 23.283924 -59.016354 
v -61.796638 23.283924 -72.769165 
v -52.967304 23.283924 -75.363983 
v -52.967293 23.283924 -72.769165 
v -63.900303 23.283924 -75.363983 
v -35.144131 23.283924 -15.296997 
v -59.696331 23.283924 -15.296998 
v -59.696331 23.283924 -17.400650 
v -35.144131 23.283924 -17.400650 
v -34.668053 23.283924 -45.463409 
v -71.000038 23.283924 -45.463402 
v -71.000038 23.283924 -47.567055 
v -34.668053 23.283924 -47.567055 
l 1 2 
l 2 3 
l 5 4 
l 1 4 
l 3 6 
l 7 8 
l 5 8 
l 7 6 
l 9 10 
l 10 11 
l 11 12 
l 9 12 
l 13 14 
l 14 15 
l 15 16 
l 13 16 
l 17 18 
l 20 19 
l 21 22 
l 24 23 
l 25 26 
l 26 27 
l 27 28 
l 25 28 
l 29 30 
l 30 31 
l 31 32 
l 29 32 
l 33 34 
l 34 35 
l 37 36 
l 33 36 
l 35 38 
l 39 40 
l 37 40 
l 39 38 
l 41 42 
l 42 43 
l 43 44 
l 41 44 
l 45 46 
l 46 47 
l 47 48 
l 45 48 
l 49 50 
l 50 51 
l 51 52 
l 49 52 
l 53 54 
l 54 55 
l 55 56 
l 53 56 
l 57 58 
l 58 59 
l 59 60 
l 57 60 
l 69 62 
l 62 63 
l 65 64 
l 61 64 
l 63 66 
l 67 68 
l 65 68 
l 67 66 
l 61 70 
l 71 72 
l 69 72 
l 71 70 
l 73 74 
l 74 75 
l 75 76 
l 73 76 
l 77 78 
l 78 79 
l 79 80 
l 77 80 
l 81 82 
l 82 83 
l 83 84 
l 81 84 
l 87 86 
l 85 86 
l 88 89 
l 87 89 
l 88 90 
l 90 85 
l 91 92 
l 92 93 
l 93 94 
l 91 94 
l 95 96 
l 96 97 
l 97 98 
l 95 98