3315805
23167909
21073188
77327982
19430065
3061174
19976980
44673885
3419686
32803685
6343437
62048924
8227355
67151179
13779965
6677488
11920164
8626977
4456952
9023182
8251215
10289927
6389152
45002373
15908264
62913652
6342602
41305938
2809550
3573396
9356399
20507577
23820977
75288454
77287119
11361901
24012383
6083874
2372326
24449503
11026423
75374361
4882078
17812932
23221135
10854725
2267240
51195260
44264768
7597155
22703176
5327846
6601191
29360360
42270951
48167066
64012182
24233871
3542910
21249846
8961797
8974058
5707450
24047271
12990089
19623499
12836379
3761471
21863602
38515844
60165127
12516200
59765566
77163324
12976836
72127151
15594148
14219775
16892413
29311436
2834818
77257089
17926335
41984179
6078576
61458036
22944732
15232899
17025146
10583579
14698383
24829770
21798727
46069511
10735147
49319328
42382748
19070220
37868404
57678587
52442544
3165582
3859692
22904040
6922908
56654391
2733263
19925889
25578352
10091334
7756416
51050996
3107859
6414768
4447879
35934083
74743252
2833838
9777688
4407211
23750555
58272894
16931624
77286572
52396352
3303541
7155447
60190552
75124530
2954883
72357507
3335662
33624871
15237795
3332727
9135918
24223671
13973330
13370887
3988704
23696133
26596777
62002378
15561637
29287252
65230061
8723674
52231170
8989652
53160840
59187872
3037664
8245705
65070453
24878133
49974236
25505613
7332604
6866416
13884875
1811150
73914950
69067307
4645227
22639585
23899374
58814052
9521096
53290420
12566324
11255472
42812300
10041273
51362136
24022994
51502827
21050219
74809605
64659571
34209118
21195964
45767640
64076379
10135405
51447618
9833839
24042633
41197255
74450522
50580998
71239016
9362748
68496699
41891020
2069629
45468378
23646903
27378307
32625184
19677546
24172829
56107231
20377931
75117677
62972985
15649842
14947313
15035328
23864117
52722349
8000118
11899407
23275993
75160009
62695720
6654208
12654807
35152041
12963860
14162049
41777243
51933245
24427613
6962043
65420153
16982166
26254058
73751180
3529244
3152347
48601451
12514928
2856289
45831398
49360756
6598482
5926639
49475162
2289041
51367311
11586831
11513045
13061227
72125484
31893870
7940367
51038426
75622384
15960034
9439092
24429354
44064751
11598253
15789959
7510396
45185403
2111801
47921370
15980067
17962105
75592825
23311207
29151945
7842991
4107256
12651421
4720996
20687050
24069657
6194567
3088795
20753182
9024169
18389642
31295902
16904426
13418687
1816750
10987627
41431126
18190407
46475048
28018377
6653570
4556391
66414136
3491225
8799548
11371773
56026308
15901554
20906680
10920269
31195249
9971086
16727752
42720953
30850719
10657401
10829432
50970141
27647505
8920563
49708523
10960350
24223133
15777152
21945641
22985982
6257901
9960684
54287585
20446432
13769912
5839965
24280147
74382398
57228324
65059848
4070382
6487006
6061002
2530209
6019986
6642553
6118219
15096636
17210170
8099703
49968976
8779448
67466824
72644118
51942848
8131896
13849874
32273536
34714750
24130629
6861851
46035707
14372524
34541201
56921705
8236575
44633602
13528515
16641346
23940331
8621230
12889225
48294959
16067595
40586125
15207222
14017884
12379272
8152125
15623211
20931472
16761649
33071896
3015441
55337697
47661679
9142866
41406649
27373674
4337696
37122044
45205367
17436640
19550145
19451767
14765933
21335749
7057092
51719856
60313170
7588680
7203567
14772936
24742577
16591482
29592147
13707777
18778504
22604105
6089000
23365818
18819164
2107358
51349422
24364921
16230252
6087580
21832573
11682645
18703176
48497282
33882679
24846867
11067915
9068911
3613017
17957182
40640780
45088967
48857272
4652561
6855191
16177615
28883317
10885400
18028787
25712806
50256038
23910507
24262615
10909579
16594823
15660856
51001124
6649545
18798220
3151470
51746353
31929897
7222799
15775245
4216224
9950381
2280156
67168579
13773075
3352469
24094524
42624459
12952049
69345696
74067700
18124527
11832856
11144691
23719341
12037515
7056777
72625126
12495768
75254640
43633481
15100492
3344630
51462032
42811232
28770109
73965369
5005034
4579043
19537620
18538195
54263471
47185488
24092131
12295596
6045023
58744143
20593929
13474969
3366021
76586117
9944042
5979110
424903
21216176
26524524
68926289
28719846
7936703
20650640
16489041
9591365
37624324
13784302
4273354
23843760
10031791
51065398
52064657
27635881
10219622
7704460
14764576
12954108
43444682
19425712
11979059
6268900
15927236
16631683
4703897
13198881
16868861
19187093
20071612
13526041
8053682
66757524
55902837
31777295
20201956
22291979
21890536
68920622
33055786
43631229
21332583
5390949
21307906
35537407
62980537
16236959
52748606
23945500
47185941
14390368
35413313
77337032
18253740
45532262
18531304
36773610
9895098
19160149
2915270
53083039
4733764
16808155
7829554
23853007
31365040
25253206
15545312
56184902
13438784
18517764
12373604
17321499
22039524
4008451
2525661
15328909
57656891
24921460
1271246
14951590
12329768
3039536
21077335
35822891
55975168
20536472
13188247
5143527
4422587
6167457
9575174
69262029
25107034
16783878
7117305
4569542
8304907
43767956
7092328
13973529
17413910
13596032
19002591
10654513
21729519
44503173
8876053
5975735
31690297
6966376
17450839
21137133
8554044
4276616
22300080
4994137
5953963
18630303
11904258
23880803
9462798
12905061
16030080
51386445
67155923
17256304
20123217
16713101
7844938
74187781
29129623
42013571
7011125
2894542
41319074
9277640
62118088
43604032
8394707
25272207
24311661
20442849
23006740
71034239
8799316
69342193
15287265
6302557
24169271
33944318
9462356
56707510
71264636
16873604
11225125
17464261
11977362
3214927
24126908
11071351
8287663
47881075
3063238
10728891
1573022
48635052
51314337
65194122
4278666
19136305
49730360
3301142
61615303
5275138
59298714
50631098
49053921
51385814
19725041
64150735
30014647
21014939
73461347
18390342
60169324
7835284
26201529
8324875
55156407
46468604
10982801
1981312
41997054
21439025
68112927
62556294
4315115
54462411
6895525
22814455
23158455
11128033
14095525
27483218
64230399
15496156
3453867
5610368
63713925
12241396
44327282
49694875
55515085
24223618
3751781
7493454
21466937
17966879
3415831
41996038
17039058
42147481
10608263
59598420
15007183
6464842
54533420
11599075
18119659
3884217
11809948
6814747
4002777
49013707
66165629
48855334
48316634
16283863
59650428
6555561
74655171
2673710
10840002
9601560
14542859
39565699
43131022
44342010
73758607
17420594
15290287
10849856
67871807
9700086
5733958
9281094
16579514
18822812
8696001
50978226
21888042
6813140
32879376
7884910
11889486
9832336
42434792
7242385
20595337
23932816
9006903
48485271
31273875
12331340
9324048
59662870
14704214
5799030
14326515
16152940
3053318
5043546
21106106
10603542
8259791
56048877
20646353
20887960
77031849
8503434
10088747
50936254
24315180
67642689
37094477
16958607
52773955
70804492
5637141
21963657
60007328
8380856
16662946
4309383
16130431
15622525
52183391
11501890
20594850
51150997
45105258
20185165
9298111
48709969
6054185
60669996
15799220
29178549
12145304
18141074
4794578
10427662
17606098
13353582
17807853
13954022
12723650
15282678
7915099
6824179
77308137
16916506
11212134
67579012
30123278
48018106
60390564
21000290
11785784
5643723
9973225
7159269
69659105
11108353
31544819
3701209
54787720
15310089
41003838
49945945
10583579
20712943
17098305
8542228
56071777
5928258
5989733
56033861
74291290
8868627
51121476
58275163
45026871
8065268
49814438
8235457
75565408
2371315
7189413
73676072
9443527
23915656
11373294
13490148
2783184
62205894
23373712
23109484
25409371
34090821
60741419
48873226
9344772
43458307
28419830
4660976
14458608
49381100
69822171
23664353
9014939
15474317
3995272
29179499
18837076
26541611
50648567
52299134
4390256
54555924
20073726
1545464
24401094
57574576
12958855
27898998
27802740
3314758
18922570
2804769
48196599
49650637
23493530
33899393
21193514
18957029
74808047
6097627
16792245
8262289
25745982
11364931
1587755
49975832
14297626
7895554
14311882
68835610
34652320
32667760
65003568
19267615
11730943
12107740
8333230
6657931
8011605
24014662
12445483
7995144
75546265
35645021
20602331
14040546
63387041
14925189
10693926
45233539
24225141
17210726
21728609
42956106
67108140
26207543
25146627
24007931
16471142
57881677
18519081
55022587
43832304
45591485
8977333
9059185
24249151
35398441
7936801
19581725
3711751
53357254
77036107
51806770
866843
53262841
10291631
58757542
23556490
10420588
25055537
2234661
62982412
9525523
5998803
3832002
73058480
22167717
54403238
2324521
26521653
11677735
18040832
36415487
25466864
11120620
39407590
23326685
8251354
23248850
9641932
50730954
26668990
24471491
51910577
13995970
6303662
10137523
27713460
10500019
43489191
42825646
3495841
20215718
4267932
22138783
2996121
33812375
6365069
52189066
52254596
42925941
2334570
42616678
6111078
8759143
2004832
36534109
6217551
49778507
24192834
37592899
16148288
19986242
5609278
5717826
3809067
15042331
46024471
2914063
32265982
43783936
7587578
5601010
5750492
24610484
6502071
21085877
21890740
24489650
6839982
24616621
12959395
10294938
13383316
11705996
18906748
7749256
23369349
5860976
57120370
7036532
65900142
9266800
24612456
8500833
5645908
19125842
14941771
56446534
8175169
7982657
23033418
13588020
32337440
24411683
10403367
65199646
10583572
24653316
59581959
10618375
51365353
20702706
26329085
20864502
9274838
43978202
3945954
18236874
18552273
5907910
7257533
3487161
7017899
6208918
27327897
20211100
50091403
64503171
10939779
52096382
12139881
43838816
49788245
11023715
15365461
12219730
5760313
16694581
52516139
14372147
44606764
18836782
29089065
4463908
10493223
5940519
13661471
13862165
10868003
44956950
18523415
57845009
30903573
2290954
10648837
10661122
45413632
27069695
8039676
11851002
7736568
56734948
7845092
51211500
2686169
9317603
9452761
10513612
19762349
17704100
7650465
24761493
3359895
9991322
45421714
7820431
52321413
23049345
70390910
5704817
11201647
2280548
3269730
2640989
8838228
53015632
28988493
69315659
6462527
7095354
29160492
6470708
12594221
55510057
7210019
75029537
23567386
56687626
65739775
21781507
19055612
18252759
42302450
18770876
11389885
17357748
7414709
44739563
9772000
53113796
29967297
57947057
24187826
22795177
7367590
49933214
9034641
5004171
27597692
48968514
11930472
18981732
66816873
50602843
25736015
6183766
3601231
59067196
51297078
26925875
10920756
10081309
16980779
14848811
19503909
8045324
2738966
6662943
13683473
60506906
52847378
31165157
3586783
21136095
11395814
51821274
12184270
24476375
13679305
10332868
36403899
16761533
16648890
11571887
3109552
8393390
12063416
20513452
16642736
11149985
6660778
24685227
5169823
27187863
12001940
20314777
64608910
62184086
6900367
8262284
17441413
7152262
63552133
47481470
14826100
23775859
7101041
11651695
39649907
24224349
23865952
6120025
9302604
3557958
68053574
12419648
8624699
9112117
44304949
63095336
6879760
43874834
4579855
3201539
11772422
12202494
3541497
75395577
50295289
70781423
3181032
10494436
46389718
48314832
3172812
7784895
11108792
56449462
8018360
59083183
11854255
23372204
28498346
13072806
5898653
3596694
9177488
74240383
31111545
1853814
65667440
